Time,Core #0(%),Core #1(%),Total Memory(MB),Wired Memory(MB),Used Memory(MB),Active Memory(MB),Inactive Memory(MB),Free Memory(MB),User Memory(MB),WiFi RX(KB),WiFi TX(KB),Cellular RX(KB),Cellular TX(KB),Local RX(KB),Local TX(KB),
2017.08.24 04:38:42.535,11.93767,9.088538,772,145,650,225,280,122,869,1131436,20641,168,84,1109872,1109872
2017.08.24 04:38:43.616,13.76147,16.66667,773,145,650,225,280,123,869,0,0,0,0,0,0
2017.08.24 04:38:44.730,42.59259,33.02752,774,157,658,221,280,116,857,0,0,0,0,81,81
2017.08.24 04:38:45.950,38.26087,39.47369,771,148,649,221,280,122,866,0,0,0,0,79,79
2017.08.24 04:38:47.056,91.66667,86.66666,766,150,657,225,282,109,864,17,5,0,0,82,82
2017.08.24 04:38:48.140,90,87.27273,761,151,656,227,278,105,863,32,23,0,0,81,81
2017.08.24 04:38:49.248,85.45454,85.45454,754,151,660,229,280,94,863,252,17,0,0,81,81
2017.08.24 04:38:50.302,35.23809,29.24529,747,146,655,229,280,92,868,0,1,0,0,81,81
2017.08.24 04:38:51.383,16.66667,16.66667,747,146,655,229,280,92,868,0,0,0,0,0,0
2017.08.24 04:38:52.461,49.07407,47.22222,745,149,659,229,281,86,865,9,6,0,0,80,80
2017.08.24 04:38:53.474,86.13861,76.23763,743,151,655,227,277,88,863,2,2,0,0,81,81
2017.08.24 04:38:54.549,42.59259,38.31776,742,160,664,227,277,78,854,0,0,0,0,80,80
2017.08.24 04:38:55.616,29.90654,27.1028,739,157,661,227,277,78,857,0,0,0,0,81,81
2017.08.24 04:38:56.688,28.03738,25.92593,740,157,661,227,277,79,857,0,0,0,0,81,81
2017.08.24 04:38:57.769,28.7037,25.92593,742,159,663,227,277,79,855,0,0,0,0,80,80
2017.08.24 04:38:58.841,29.90654,23.58491,739,157,661,227,277,78,857,0,0,0,0,1,1
2017.08.24 04:38:59.911,21.2963,19.44444,740,157,661,227,277,79,857,0,0,0,0,80,80
2017.08.24 04:39:00.936,34.31373,30.39216,741,158,662,227,277,79,856,0,0,0,0,81,81
2017.08.24 04:39:02.013,31.7757,27.77778,740,157,661,227,277,79,857,0,0,0,0,80,80
2017.08.24 04:39:03.044,51.92308,45.63107,741,151,655,227,277,86,863,8,2,0,0,81,81
2017.08.24 04:39:04.116,37.73585,34.57944,741,160,665,227,278,76,854,7,3,0,0,81,81
2017.08.24 04:39:05.156,24.03846,27.61905,740,159,664,227,278,76,855,0,0,0,0,80,80
2017.08.24 04:39:06.228,30.84112,30.84112,742,161,666,227,278,76,853,0,0,0,0,0,0
2017.08.24 04:39:07.302,27.77778,25.23364,741,161,666,227,278,75,853,0,0,0,0,80,80
2017.08.24 04:39:08.374,27.1028,25.23364,740,159,664,227,278,76,855,0,0,0,0,81,81
2017.08.24 04:39:09.454,25,26.85185,740,159,664,227,278,76,855,0,0,0,0,81,81
2017.08.24 04:39:10.558,74.07407,70.37037,702,200,690,226,264,12,813,8,2,0,0,80,80
2017.08.24 04:39:11.632,78.37838,78.18182,739,200,692,226,266,47,814,0,0,0,0,81,81
2017.08.24 04:39:12.750,71.81818,73.87387,734,179,673,226,268,61,835,0,0,0,0,0,0
2017.08.24 04:39:13.833,72.47707,72.47707,739,200,690,226,264,49,814,0,0,0,0,81,81
2017.08.24 04:39:14.858,52.42719,50.48544,740,193,683,226,264,57,821,0,0,0,0,80,80
2017.08.24 04:39:15.935,18.51852,19.62617,734,154,644,226,264,90,860,0,0,0,0,81,81
2017.08.24 04:39:16.947,12.87129,17.82178,734,154,644,226,264,90,860,0,0,0,0,80,80
2017.08.24 04:39:17.996,12.38095,17.92453,733,154,644,226,264,89,860,0,0,0,0,81,81
2017.08.24 04:39:19.074,40.74074,46.72897,739,158,648,226,264,91,856,13,12,0,0,0,0
2017.08.24 04:39:20.151,36.4486,44.44445,734,156,646,226,264,88,858,1,0,0,0,81,81
2017.08.24 04:39:21.171,25.4902,18.62745,734,156,646,226,264,88,858,0,0,0,0,80,80
2017.08.24 04:39:22.254,39.44954,31.48148,734,156,647,226,265,87,858,0,0,0,0,81,81
2017.08.24 04:39:23.333,42.59259,36.11111,735,157,648,226,265,87,857,1,2,0,0,80,80
2017.08.24 04:39:24.413,33.64486,32.40741,734,154,647,228,265,87,860,7,2,0,0,81,81
2017.08.24 04:39:25.492,12.96296,16.66667,731,151,644,228,265,87,863,0,0,0,0,80,80
2017.08.24 04:39:26.571,12.03704,18.69159,731,151,644,228,265,87,863,0,0,0,0,81,81
2017.08.24 04:39:27.646,13.08411,12.84404,734,154,647,228,265,87,860,0,0,0,0,0,0
2017.08.24 04:39:28.693,29.52381,24.03846,734,154,647,228,265,87,860,0,1,0,0,81,81
2017.08.24 04:39:29.737,60.95238,57.69231,733,155,648,228,265,85,859,21,450,0,0,80,80
2017.08.24 04:39:30.812,37.96296,36.11111,728,153,647,228,266,81,861,9,236,0,0,81,81
2017.08.24 04:39:31.836,41.17647,37.2549,732,154,648,228,266,84,860,12,486,0,0,80,80
2017.08.24 04:39:32.907,36.79245,38.31776,732,154,648,228,266,84,860,10,287,0,0,81,81
2017.08.24 04:39:33.915,24.5098,23.76238,731,154,648,228,266,83,860,1,0,0,0,0,0
2017.08.24 04:39:34.959,52.88461,51.92308,734,161,654,228,265,80,853,14,3,0,0,80,80
2017.08.24 04:39:36.036,71.2963,71.55963,735,163,657,229,265,78,851,27,6,0,0,81,81
2017.08.24 04:39:37.112,80.55556,76.63551,721,164,659,230,265,62,850,262,33,0,0,81,81
2017.08.24 04:39:38.152,47.57281,46.15385,715,181,677,230,266,38,833,7,7,0,0,80,80
2017.08.24 04:39:39.176,25.4902,20.38835,699,160,657,230,267,42,854,0,0,0,0,81,81
2017.08.24 04:39:40.255,19.44444,21.49533,699,161,658,230,267,41,853,0,0,0,0,0,0
2017.08.24 04:39:41.335,44.0367,34.25926,699,166,660,227,267,39,848,0,0,0,0,81,81
2017.08.24 04:39:42.339,57,48.51485,700,177,671,227,267,29,837,0,0,0,0,82,82
2017.08.24 04:39:43.377,55.76923,59.2233,702,145,643,230,268,59,869,0,0,0,0,83,83
